#应用版本
app.version=29.211502
#so版本
so.blur.version=29.193303
so.bokeh.version=29.192705
so.imageblendings.version=29.192705
so.facedetector.version=29.192503
so.dehaze.version=29204905.
so.eglfence.version=29.192503
so.filtershow.version=29.192503
so.jpegstream.version=29.192503
